% /*
%  viterbi decoder
%     Copyright (C) 2017  sreekanth
% 
%     This program is free software: you can redistribute it and/or modify
%     it under the terms of the GNU General Public License as published by
%     the Free Software Foundation, either version 3 of the License, or
%     (at your option) any later version.
% 
%     This program is distributed in the hope that it will be useful,
%     but WITHOUT ANY WARRANTY; without even the implied warranty of
%     MERCHANTABILITY or FITNESS FOR A PARTICULAR PURPOSE.  See the
%     GNU General Public License for more details.
% 
%     You should have received a copy of the GNU General Public License
%     along with this program.  If not, see <http://www.gnu.org/licenses/>.
% 
%  * Author: sreekanth dama
%  * Contact: sreekanth@iith.ac.in
%  **/
function [ ipHat_v1 ] = soft_viterbi( y2 )

% viterbi decoder

LUT = [zeros(64,32) ones(64,32)];
% ref_main = [0 0 0;1 1 1;1 0 0;0 1 1;0 0 1;1 1 0;1 0 1;0 1 0]; 
% ref_1 = [ref_main;bitxor(ref_main,kron([1 1 0],ones(size(ref_main,1),1)))];
% ref_2 = [ref_1;bitxor(ref_1,kron([1 1 1],ones(size(ref_1,1),1)))];
% ref_3 = [ref_2;bitxor(ref_2,kron([0 1 1],ones(size(ref_2,1),1)))];
% ref_last = [ref_3;bitxor(ref_3,kron([1 1 1],ones(size(ref_3,1),1)))];
% ref_soft = (-2*ref_last+1)*(1/sqrt(2));
ref_soft = [0.707106781186548,0.707106781186548,0.707106781186548;-0.707106781186548,-0.707106781186548,-0.707106781186548;-0.707106781186548,0.707106781186548,0.707106781186548;0.707106781186548,-0.707106781186548,-0.707106781186548;0.707106781186548,0.707106781186548,-0.707106781186548;-0.707106781186548,-0.707106781186548,0.707106781186548;-0.707106781186548,0.707106781186548,-0.707106781186548;0.707106781186548,-0.707106781186548,0.707106781186548;-0.707106781186548,-0.707106781186548,0.707106781186548;0.707106781186548,0.707106781186548,-0.707106781186548;0.707106781186548,-0.707106781186548,0.707106781186548;-0.707106781186548,0.707106781186548,-0.707106781186548;-0.707106781186548,-0.707106781186548,-0.707106781186548;0.707106781186548,0.707106781186548,0.707106781186548;0.707106781186548,-0.707106781186548,-0.707106781186548;-0.707106781186548,0.707106781186548,0.707106781186548;-0.707106781186548,-0.707106781186548,-0.707106781186548;0.707106781186548,0.707106781186548,0.707106781186548;0.707106781186548,-0.707106781186548,-0.707106781186548;-0.707106781186548,0.707106781186548,0.707106781186548;-0.707106781186548,-0.707106781186548,0.707106781186548;0.707106781186548,0.707106781186548,-0.707106781186548;0.707106781186548,-0.707106781186548,0.707106781186548;-0.707106781186548,0.707106781186548,-0.707106781186548;0.707106781186548,0.707106781186548,-0.707106781186548;-0.707106781186548,-0.707106781186548,0.707106781186548;-0.707106781186548,0.707106781186548,-0.707106781186548;0.707106781186548,-0.707106781186548,0.707106781186548;0.707106781186548,0.707106781186548,0.707106781186548;-0.707106781186548,-0.707106781186548,-0.707106781186548;-0.707106781186548,0.707106781186548,0.707106781186548;0.707106781186548,-0.707106781186548,-0.707106781186548;0.707106781186548,-0.707106781186548,-0.707106781186548;-0.707106781186548,0.707106781186548,0.707106781186548;-0.707106781186548,-0.707106781186548,-0.707106781186548;0.707106781186548,0.707106781186548,0.707106781186548;0.707106781186548,-0.707106781186548,0.707106781186548;-0.707106781186548,0.707106781186548,-0.707106781186548;-0.707106781186548,-0.707106781186548,0.707106781186548;0.707106781186548,0.707106781186548,-0.707106781186548;-0.707106781186548,0.707106781186548,-0.707106781186548;0.707106781186548,-0.707106781186548,0.707106781186548;0.707106781186548,0.707106781186548,-0.707106781186548;-0.707106781186548,-0.707106781186548,0.707106781186548;-0.707106781186548,0.707106781186548,0.707106781186548;0.707106781186548,-0.707106781186548,-0.707106781186548;0.707106781186548,0.707106781186548,0.707106781186548;-0.707106781186548,-0.707106781186548,-0.707106781186548;-0.707106781186548,0.707106781186548,0.707106781186548;0.707106781186548,-0.707106781186548,-0.707106781186548;0.707106781186548,0.707106781186548,0.707106781186548;-0.707106781186548,-0.707106781186548,-0.707106781186548;-0.707106781186548,0.707106781186548,-0.707106781186548;0.707106781186548,-0.707106781186548,0.707106781186548;0.707106781186548,0.707106781186548,-0.707106781186548;-0.707106781186548,-0.707106781186548,0.707106781186548;0.707106781186548,-0.707106781186548,0.707106781186548;-0.707106781186548,0.707106781186548,-0.707106781186548;-0.707106781186548,-0.707106781186548,0.707106781186548;0.707106781186548,0.707106781186548,-0.707106781186548;0.707106781186548,-0.707106781186548,-0.707106781186548;-0.707106781186548,0.707106781186548,0.707106781186548;-0.707106781186548,-0.707106781186548,-0.707106781186548;0.707106781186548,0.707106781186548,0.707106781186548;-0.707106781186548,-0.707106781186548,-0.707106781186548;0.707106781186548,0.707106781186548,0.707106781186548;0.707106781186548,-0.707106781186548,-0.707106781186548;-0.707106781186548,0.707106781186548,0.707106781186548;-0.707106781186548,-0.707106781186548,0.707106781186548;0.707106781186548,0.707106781186548,-0.707106781186548;0.707106781186548,-0.707106781186548,0.707106781186548;-0.707106781186548,0.707106781186548,-0.707106781186548;0.707106781186548,0.707106781186548,-0.707106781186548;-0.707106781186548,-0.707106781186548,0.707106781186548;-0.707106781186548,0.707106781186548,-0.707106781186548;0.707106781186548,-0.707106781186548,0.707106781186548;0.707106781186548,0.707106781186548,0.707106781186548;-0.707106781186548,-0.707106781186548,-0.707106781186548;-0.707106781186548,0.707106781186548,0.707106781186548;0.707106781186548,-0.707106781186548,-0.707106781186548;0.707106781186548,0.707106781186548,0.707106781186548;-0.707106781186548,-0.707106781186548,-0.707106781186548;-0.707106781186548,0.707106781186548,0.707106781186548;0.707106781186548,-0.707106781186548,-0.707106781186548;0.707106781186548,0.707106781186548,-0.707106781186548;-0.707106781186548,-0.707106781186548,0.707106781186548;-0.707106781186548,0.707106781186548,-0.707106781186548;0.707106781186548,-0.707106781186548,0.707106781186548;-0.707106781186548,-0.707106781186548,0.707106781186548;0.707106781186548,0.707106781186548,-0.707106781186548;0.707106781186548,-0.707106781186548,0.707106781186548;-0.707106781186548,0.707106781186548,-0.707106781186548;-0.707106781186548,-0.707106781186548,-0.707106781186548;0.707106781186548,0.707106781186548,0.707106781186548;0.707106781186548,-0.707106781186548,-0.707106781186548;-0.707106781186548,0.707106781186548,0.707106781186548;-0.707106781186548,0.707106781186548,0.707106781186548;0.707106781186548,-0.707106781186548,-0.707106781186548;0.707106781186548,0.707106781186548,0.707106781186548;-0.707106781186548,-0.707106781186548,-0.707106781186548;-0.707106781186548,0.707106781186548,-0.707106781186548;0.707106781186548,-0.707106781186548,0.707106781186548;0.707106781186548,0.707106781186548,-0.707106781186548;-0.707106781186548,-0.707106781186548,0.707106781186548;0.707106781186548,-0.707106781186548,0.707106781186548;-0.707106781186548,0.707106781186548,-0.707106781186548;-0.707106781186548,-0.707106781186548,0.707106781186548;0.707106781186548,0.707106781186548,-0.707106781186548;0.707106781186548,-0.707106781186548,-0.707106781186548;-0.707106781186548,0.707106781186548,0.707106781186548;-0.707106781186548,-0.707106781186548,-0.707106781186548;0.707106781186548,0.707106781186548,0.707106781186548;0.707106781186548,-0.707106781186548,-0.707106781186548;-0.707106781186548,0.707106781186548,0.707106781186548;-0.707106781186548,-0.707106781186548,-0.707106781186548;0.707106781186548,0.707106781186548,0.707106781186548;0.707106781186548,-0.707106781186548,0.707106781186548;-0.707106781186548,0.707106781186548,-0.707106781186548;-0.707106781186548,-0.707106781186548,0.707106781186548;0.707106781186548,0.707106781186548,-0.707106781186548;-0.707106781186548,